1 1 50000 1704821075
1 1 50000 1704821075
1 1 50000 1704821075
1 1 11000 1704821075
1 1 50000 1704821075
1 1 11000 1704821075
1 1 11000 1704821075
1 1 11000 1704821075
1 1 50000 1704821436
1 1 50000 1704821436
1 1 50000 1704821436
1 1 11000 1704821436
1 1 50000 1704821436
1 1 11000 1704821436
1 1 11000 1704821436
1 1 11000 1704821436
1 1 50000 1704821637
1 1 50000 1704821637
1 1 50000 1704821637
1 1 11000 1704821637
1 1 50000 1704821637
1 1 11000 1704821637
1 1 11000 1704821637
1 1 11000 1704821637
1 1 100000 1704868267
2 1 50000 1704869791
2 1 5100 1704869829
3 1 5000 1704869829
